00000000000000000000000000000000000000000000000000000000000000000000000000000000
00000000000000000000000000000000000000000000000000000000000000000000000000000000
00000000000000000000000000000000000000000000000000000000000000000000000000000000
00000000000000000000000000100000000000000000000000000000000000000000000000000000
00000000000000000000000000010000000000000000000000000000000000000000000000000000
00000000000000000000000001110000000000000000000000000000000000000000000000000000
00000000000000000000000000000000000000000000000000000000000000000000000000000000
00000000000000000000000000000100000000000000000000000000000000000000000000000000
00000000000000000000000000000010000000000000000000000000000000000000000000000000
00000000000000000000000000001110000000000000000000000000000000000000000000000000
00000000000000000000000000000000000000000000000000000000000000000000000000000000
00000000000000000000000000000000011000000000000000000000000000000000000000000000
00000000000000000000000000000000100100110000000000000000000000000000000000000000
00000000000000000000000000000000101000010010000000000000000000000000000000000000
00000000000000000000000000000000010000010101000000000000000000000000000000000000
00000000000000000000000000000000000011010010000000000000000000000000000000000000
00000000000000000000000000000000000010010000000000000000000000000000000000000000
00000000000000000000000000000000010000100000000000000000000000000000000000000000
00000000000000000000000000000000011111000000000000000000000000000000000000000000
00000000000000000000000000000000000000000000000000000000000000000000000000000000
00000000000000000000000000000000000100000000000000000000000000000000000000000000
00000000000000000000000000000000001010000000000000000000000000000000000000000000
00000000000000000000000000000000000100000000000000000000000000000000000000000000
00000000000000000000000000000000000000000000000000000000000000000000000000000000
00000000000000000000000000000000000000000000000000000000000000000000000000000000