00000000000000000000000000000000000000000000000000000000000000000000000000000000
00000000000000000000000000000000000000000000000000000000000000000000000000000000
00000000000000000000000000000000000000000000000000000000000000000000000000000000
00000000000000000000000000000000000000000000000000000000000000000000000000000000
00000000000000000000000000000000000000000000000000000000000000000000000000000000
00000000000000000000000000000000000000000000000000000000000000000000000000000000
00000000000000000000000000000000000000000000000000000000000000000000000000000000
00000000000000000000000000000000000000000000000000000000000000000000000000000000
00000000000000000000000000000000000001110000000100000000000000000000000000000000
00000000000000000000000000000000000001100101101100000000000000000000000000000000
00000000000000000000000000000000000000011100001000000000000000000000000000000000
00000000000000000000000000000000000001001010001000000000000000000000000000000000
00000000000000000000000000000000000010000100001000000000000000000000000000000000
00000000000000000000000000000000000010000100001000000000000000000000000000000000
00000000000000000000000000000000000001001010001000000000000000000000000000000000
00000000000000000000000000000000000000011100001000000000000000000000000000000000
00000000000000000000000000000000000001100101101100000000000000000000000000000000
00000000000000000000000000000000000001110000000100000000000000000000000000000000
00000000000000000000000000000000000000000000000000000000000000000000000000000000
00000000000000000000000000000000000000000000000000000000000000000000000000000000
00000000000000000000000000000000000000000000000000000000000000000000000000000000
00000000000000000000000000000000000000000000000000000000000000000000000000000000
00000000000000000000000000000000000000000000000000000000000000000000000000000000
00000000000000000000000000000000000000000000000000000000000000000000000000000000
00000000000000000000000000000000000000000000000000000000000000000000000000000000